3,2
10,79
10,239
10,153
10,221
10,137
10,135
10,191
11,25
11,26
11,29
11,9
9,2
8,10
8,4
8,5
8,14
8,2
8,3
33,5
33,4
33,3
33,2
33,1
33,0
30,8
30,7
30,6
30,5
30,4
30,3
30,2
30,1
30,0
28,3
28,2
28,1
28,0
27,4
27,3
27,2
27,1
27,0
26,4
26,3
26,2
26,1
26,0
25,3
25,2
25,1
20,3
20,2
20,1
12,3
19,2
19,1
12,2
12,1
11,30
11,28
11,27
19,3
11,24
11,23
11,22
11,21
11,19
11,16
11,15
11,13
11,10
11,8
11,5
11,4
11,3
11,2
11,1
10,315
10,310
10,309
10,302
10,275
10,271
10,232
10,214
10,207
10,203
10,131
10,116
10,110
10,94
18,1
10,86
10,26
10,3
18,3
14,1
14,3
